OID_,IN_FID,Cnt_IN_FID,Ave_COUNT
,0,8,6.000000000000000
,1,8,3.500000000000000
,2,8,2.000000000000000
,3,8,0.875000000000000
,4,8,0.125000000000000
,5,8,0.000000000000000
,6,8,0.000000000000000
,7,8,0.000000000000000
,8,8,0.000000000000000
,9,8,0.000000000000000
,10,8,0.750000000000000
,11,8,1.750000000000000
,12,8,1.625000000000000
,13,8,2.125000000000000
,14,8,3.125000000000000
,15,8,1.625000000000000
,16,8,6.750000000000000
,17,8,6.000000000000000
,18,8,9.625000000000000
,19,8,12.750000000000000
,20,8,9.250000000000000
,21,8,5.250000000000000
,22,8,0.125000000000000
,23,8,0.000000000000000
,24,8,0.000000000000000
,25,8,0.000000000000000
,26,8,0.250000000000000
,27,8,1.625000000000000
,28,8,3.375000000000000
,29,8,3.250000000000000
,30,8,2.500000000000000
,31,8,1.625000000000000
,32,8,0.875000000000000
,33,8,3.875000000000000
,34,8,2.375000000000000
,35,8,3.250000000000000
,36,8,2.500000000000000
,37,8,6.875000000000000
,38,8,5.375000000000000
,39,8,8.375000000000000
,40,8,10.750000000000000
,41,8,5.250000000000000
,42,8,5.625000000000000
,43,8,0.125000000000000
,44,8,0.000000000000000
,45,8,0.000000000000000
,46,8,0.125000000000000
,47,8,0.500000000000000
,48,8,2.250000000000000
,49,8,2.750000000000000
,50,8,3.875000000000000
,51,8,1.875000000000000
,52,8,1.625000000000000
,53,8,1.125000000000000
,54,8,2.750000000000000
,55,8,3.125000000000000
,56,8,3.125000000000000
,57,8,2.375000000000000
,58,8,3.375000000000000
,59,8,5.750000000000000
,60,8,9.375000000000000
,61,8,13.125000000000000
,62,8,9.750000000000000
,63,8,5.750000000000000
,64,8,0.125000000000000
,65,8,0.000000000000000
,66,8,0.000000000000000
,67,8,0.500000000000000
,68,8,1.125000000000000
,69,8,3.000000000000000
,70,8,2.500000000000000
,71,8,2.875000000000000
,72,8,1.000000000000000
,73,8,0.500000000000000
,74,8,1.250000000000000
,75,8,5.125000000000000
,76,8,6.250000000000000
,77,8,7.375000000000000
,78,8,5.125000000000000
,79,8,3.125000000000000
,80,8,2.125000000000000
,81,8,1.625000000000000
,82,8,1.750000000000000
,83,8,1.125000000000000
,84,8,0.500000000000000
,85,8,0.000000000000000
,86,8,0.000000000000000
,87,8,0.000000000000000
,88,8,0.500000000000000
,89,8,0.625000000000000
,90,8,1.500000000000000
,91,8,1.250000000000000
,92,8,0.875000000000000
,93,8,0.000000000000000
,94,8,0.000000000000000
,95,8,0.000000000000000
,96,8,5.125000000000000
,97,8,3.250000000000000
,98,8,3.750000000000000
,99,8,7.625000000000000
,100,8,8.375000000000000
,101,8,10.500000000000000
,102,8,8.500000000000000
,103,8,7.375000000000000
,104,8,4.625000000000000
,105,8,2.000000000000000
,106,8,0.000000000000000
,107,8,0.000000000000000
,108,8,0.000000000000000
,109,8,0.125000000000000
,110,8,0.125000000000000
,111,8,0.125000000000000
,112,8,0.375000000000000
,113,8,0.750000000000000
,114,8,1.000000000000000
,115,8,0.500000000000000
,116,8,0.250000000000000
,117,8,0.000000000000000
,118,8,0.000000000000000
,119,8,0.000000000000000
,120,8,5.000000000000000
,121,8,4.500000000000000
,122,8,6.125000000000000
,123,8,9.250000000000000
,124,8,11.375000000000000
,125,8,14.250000000000000
,126,8,14.125000000000000
,127,8,10.750000000000000
,128,8,5.625000000000000
,129,8,2.375000000000000
,130,8,0.000000000000000
,131,8,0.000000000000000
,132,8,0.000000000000000
,133,8,0.125000000000000
,134,8,0.000000000000000
,135,8,0.125000000000000
,136,8,0.000000000000000
,137,8,0.000000000000000
,138,8,0.125000000000000
,139,8,0.375000000000000
,140,8,0.500000000000000
,141,8,0.375000000000000
,142,8,0.125000000000000
,143,8,0.000000000000000
,144,8,1.250000000000000
,145,8,1.625000000000000
,146,8,2.250000000000000
,147,8,3.000000000000000
,148,8,3.500000000000000
,149,8,6.000000000000000
,150,8,6.000000000000000
,151,8,5.250000000000000
,152,8,7.500000000000000
,153,8,9.875000000000000
,154,8,12.250000000000000
,155,8,15.125000000000000
,156,8,15.500000000000000
,157,8,12.500000000000000
,158,8,9.875000000000000
,159,8,3.375000000000000
,160,8,0.000000000000000
,161,8,0.000000000000000
,162,8,0.000000000000000
,163,8,0.125000000000000
,164,8,0.125000000000000
,165,8,0.125000000000000
,166,8,0.000000000000000
,167,8,0.000000000000000
,168,8,0.000000000000000
,169,8,0.375000000000000
,170,8,0.625000000000000
,171,8,0.750000000000000
,172,8,0.500000000000000
,173,8,0.000000000000000
,174,8,0.000000000000000
,175,8,0.250000000000000
,176,8,0.250000000000000
,177,8,0.375000000000000
,178,8,0.875000000000000
,179,8,1.125000000000000
,180,8,1.500000000000000
,181,8,1.375000000000000
,182,8,1.375000000000000
,183,8,1.875000000000000
,184,8,2.000000000000000
,185,8,4.375000000000000
,186,8,5.500000000000000
,187,8,7.250000000000000
,188,8,7.625000000000000
,189,8,9.000000000000000
,190,8,8.250000000000000
,191,8,12.000000000000000
,192,8,13.750000000000000
,193,8,17.500000000000000
,194,8,14.500000000000000
,195,8,10.500000000000000
,196,8,3.375000000000000
,197,8,1.375000000000000
,198,8,0.000000000000000
,199,8,0.000000000000000
,200,8,0.000000000000000
,201,8,0.000000000000000
,202,8,0.000000000000000
,203,8,0.000000000000000
,204,8,0.000000000000000
,205,8,0.000000000000000
,206,8,0.625000000000000
,207,8,1.500000000000000
,208,8,1.375000000000000
,209,8,1.125000000000000
,210,8,0.250000000000000
,211,8,0.000000000000000
,212,8,0.000000000000000
,213,8,0.250000000000000
,214,8,0.625000000000000
,215,8,1.000000000000000
,216,8,2.000000000000000
,217,8,1.875000000000000
,218,8,1.875000000000000
,219,8,1.250000000000000
,220,8,1.750000000000000
,221,8,2.250000000000000
,222,8,6.375000000000000
,223,8,7.000000000000000
,224,8,9.000000000000000
,225,8,7.375000000000000
,226,8,8.000000000000000
,227,8,8.625000000000000
,228,8,12.000000000000000
,229,8,16.000000000000000
,230,8,22.250000000000000
,231,8,21.250000000000000
,232,8,15.625000000000000
,233,8,7.625000000000000
,234,8,4.125000000000000
,235,8,2.000000000000000
,236,8,0.000000000000000
,237,8,0.000000000000000
,238,8,0.000000000000000
,239,8,0.000000000000000
,240,8,0.000000000000000
,241,8,0.000000000000000
,242,8,0.000000000000000
,243,8,0.375000000000000
,244,8,1.375000000000000
,245,8,1.375000000000000
,246,8,1.375000000000000
,247,8,0.625000000000000
,248,8,0.000000000000000
,249,8,0.000000000000000
,250,8,0.250000000000000
,251,8,0.875000000000000
,252,8,0.625000000000000
,253,8,1.875000000000000
,254,8,1.500000000000000
,255,8,1.375000000000000
,256,8,1.125000000000000
,257,8,1.750000000000000
,258,8,1.875000000000000
,259,8,5.375000000000000
,260,8,3.875000000000000
,261,8,6.250000000000000
,262,8,4.875000000000000
,263,8,5.500000000000000
,264,8,5.875000000000000
,265,8,7.625000000000000
,266,8,15.750000000000000
,267,8,18.250000000000000
,268,8,20.750000000000000
,269,8,14.125000000000000
,270,8,9.750000000000000
,271,8,3.375000000000000
,272,8,3.000000000000000
,273,8,1.000000000000000
,274,8,0.000000000000000
,275,8,0.000000000000000
,276,8,0.000000000000000
,277,8,0.000000000000000
,278,8,0.000000000000000
,279,8,0.000000000000000
,280,8,0.375000000000000
,281,8,1.250000000000000
,282,8,1.250000000000000
,283,8,1.250000000000000
,284,8,1.000000000000000
,285,8,0.750000000000000
,286,8,1.125000000000000
,287,8,1.500000000000000
,288,8,1.375000000000000
,289,8,1.000000000000000
,290,8,0.750000000000000
,291,8,1.625000000000000
,292,8,1.500000000000000
,293,8,5.125000000000000
,294,8,5.000000000000000
,295,8,6.500000000000000
,296,8,4.875000000000000
,297,8,6.000000000000000
,298,8,6.625000000000000
,299,8,9.000000000000000
,300,8,16.625000000000000
,301,8,21.250000000000000
,302,8,25.250000000000000
,303,8,15.500000000000000
,304,8,11.125000000000000
,305,8,5.375000000000000
,306,8,2.375000000000000
,307,8,1.000000000000000
,308,8,0.000000000000000
,309,8,0.000000000000000
,310,8,1.000000000000000
,311,8,2.875000000000000
,312,8,2.875000000000000
,313,8,1.875000000000000
,314,8,1.250000000000000
,315,8,2.000000000000000
,316,8,2.625000000000000
,317,8,1.500000000000000
,318,8,1.125000000000000
,319,8,1.125000000000000
,320,8,0.875000000000000
,321,8,0.500000000000000
,322,8,0.500000000000000
,323,8,0.125000000000000
,324,8,0.250000000000000
,325,8,1.125000000000000
,326,8,1.000000000000000
,327,8,2.500000000000000
,328,8,1.250000000000000
,329,8,4.000000000000000
,330,8,4.125000000000000
,331,8,6.125000000000000
,332,8,4.375000000000000
,333,8,6.250000000000000
,334,8,11.750000000000000
,335,8,16.500000000000000
,336,8,19.250000000000000
,337,8,14.000000000000000
,338,8,8.625000000000000
,339,8,5.125000000000000
,340,8,2.875000000000000
,341,8,1.000000000000000
,342,8,0.000000000000000
,343,8,0.000000000000000
,344,8,1.750000000000000
,345,8,4.125000000000000
,346,8,3.250000000000000
,347,8,3.375000000000000
,348,8,1.500000000000000
,349,8,2.125000000000000
,350,8,3.500000000000000
,351,8,3.000000000000000
,352,8,1.500000000000000
,353,8,1.125000000000000
,354,8,0.625000000000000
,355,8,0.875000000000000
,356,8,0.500000000000000
,357,8,0.000000000000000
,358,8,0.250000000000000
,359,8,0.625000000000000
,360,8,1.000000000000000
,361,8,2.250000000000000
,362,8,2.125000000000000
,363,8,4.000000000000000
,364,8,3.625000000000000
,365,8,7.250000000000000
,366,8,6.750000000000000
,367,8,7.125000000000000
,368,8,12.250000000000000
,369,8,15.125000000000000
,370,8,16.375000000000000
,371,8,13.500000000000000
,372,8,8.750000000000000
,373,8,5.250000000000000
,374,8,2.875000000000000
,375,8,0.625000000000000
,376,8,0.875000000000000
,377,8,1.125000000000000
,378,8,4.250000000000000
,379,8,7.625000000000000
,380,8,6.625000000000000
,381,8,4.500000000000000
,382,8,1.375000000000000
,383,8,4.250000000000000
,384,8,4.000000000000000
,385,8,4.125000000000000
,386,8,1.625000000000000
,387,8,0.375000000000000
,388,8,0.000000000000000
,389,8,0.625000000000000
,390,8,0.375000000000000
,391,8,0.875000000000000
,392,8,1.125000000000000
,393,8,1.625000000000000
,394,8,1.625000000000000
,395,8,3.250000000000000
,396,8,4.875000000000000
,397,8,7.625000000000000
,398,8,7.500000000000000
,399,8,6.750000000000000
,400,8,9.500000000000000
,401,8,11.625000000000000
,402,8,13.250000000000000
,403,8,10.875000000000000
,404,8,6.500000000000000
,405,8,5.375000000000000
,406,8,3.500000000000000
,407,8,1.250000000000000
,408,8,0.625000000000000
,409,8,1.375000000000000
,410,8,4.500000000000000
,411,8,5.625000000000000
,412,8,5.625000000000000
,413,8,3.500000000000000
,414,8,0.625000000000000
,415,8,3.750000000000000
,416,8,3.125000000000000
,417,8,4.625000000000000
,418,8,3.125000000000000
,419,8,0.250000000000000
,420,8,0.250000000000000
,421,8,0.250000000000000
,422,8,0.625000000000000
,423,8,1.250000000000000
,424,8,1.500000000000000
,425,8,2.625000000000000
,426,8,3.125000000000000
,427,8,3.750000000000000
,428,8,4.625000000000000
,429,8,7.125000000000000
,430,8,7.750000000000000
,431,8,8.250000000000000
,432,8,7.750000000000000
,433,8,8.750000000000000
,434,8,7.625000000000000
,435,8,6.750000000000000
,436,8,4.500000000000000
,437,8,3.500000000000000
,438,8,2.500000000000000
,439,8,1.625000000000000
,440,8,1.875000000000000
,441,8,3.500000000000000
,442,8,6.375000000000000
,443,8,7.375000000000000
,444,8,6.250000000000000
,445,8,3.125000000000000
,446,8,0.750000000000000
,447,8,5.125000000000000
,448,8,5.125000000000000
,449,8,5.250000000000000
,450,8,3.500000000000000
,451,8,1.000000000000000
,452,8,1.750000000000000
,453,8,3.500000000000000
,454,8,3.625000000000000
,455,8,5.250000000000000
,456,8,6.500000000000000
,457,8,6.500000000000000
,458,8,8.375000000000000
,459,8,10.500000000000000
,460,8,11.250000000000000
,461,8,10.000000000000000
,462,8,6.000000000000000
,463,8,5.250000000000000
,464,8,4.875000000000000
,465,8,3.625000000000000
,466,8,4.250000000000000
,467,8,5.000000000000000
,468,8,5.750000000000000
,469,8,5.875000000000000
,470,8,4.625000000000000
,471,8,4.000000000000000
,472,8,2.625000000000000
,473,8,1.750000000000000
,474,8,4.875000000000000
,475,8,2.375000000000000
,476,8,4.250000000000000
,477,8,4.125000000000000
,478,8,1.500000000000000
,479,8,1.625000000000000
,480,8,5.125000000000000
,481,8,6.125000000000000
,482,8,8.750000000000000
,483,8,7.250000000000000
,484,8,6.625000000000000
,485,8,7.750000000000000
,486,8,9.625000000000000
,487,8,6.625000000000000
,488,8,10.250000000000000
,489,8,6.375000000000000
,490,8,8.375000000000000
,491,8,9.125000000000000
,492,8,8.000000000000000
,493,8,7.375000000000000
,494,8,6.125000000000000
,495,8,7.125000000000000
,496,8,7.250000000000000
,497,8,6.250000000000000
,498,8,7.375000000000000
,499,8,6.375000000000000
,500,8,4.500000000000000
,501,8,4.500000000000000
,502,8,3.375000000000000
,503,8,3.625000000000000
,504,8,3.625000000000000
,505,8,1.125000000000000
,506,8,0.875000000000000
,507,8,4.375000000000000
,508,8,5.500000000000000
,509,8,8.125000000000000
,510,8,5.625000000000000
,511,8,6.250000000000000
,512,8,6.250000000000000
,513,8,9.750000000000000
,514,8,10.125000000000000
,515,8,9.375000000000000
,516,8,7.625000000000000
,517,8,10.375000000000000
,518,8,8.750000000000000
,519,8,8.625000000000000
,520,8,9.250000000000000
,521,8,8.250000000000000
,522,8,8.500000000000000
,523,8,4.875000000000000
,524,8,5.250000000000000
,525,8,7.250000000000000
,526,8,8.125000000000000
,527,8,8.500000000000000
,528,8,5.250000000000000
,529,8,1.875000000000000
,530,8,0.500000000000000
,531,8,1.000000000000000
,532,8,0.625000000000000
,533,8,1.625000000000000
,534,8,1.625000000000000
,535,8,1.500000000000000
,536,8,1.250000000000000
,537,8,2.500000000000000
,538,8,1.500000000000000
,539,8,0.125000000000000
,540,8,2.750000000000000
,541,8,7.625000000000000
,542,8,12.125000000000000
,543,8,15.875000000000000
,544,8,13.250000000000000
,545,8,10.875000000000000
,546,8,6.750000000000000
,547,8,8.875000000000000
,548,8,9.250000000000000
,549,8,9.750000000000000
,550,8,8.000000000000000
,551,8,11.125000000000000
,552,8,11.875000000000000
,553,8,11.500000000000000
,554,8,8.875000000000000
,555,8,8.000000000000000
,556,8,10.250000000000000
,557,8,7.625000000000000
,558,8,9.375000000000000
,559,8,11.875000000000000
,560,8,18.125000000000000
,561,8,14.375000000000000
,562,8,8.375000000000000
,563,8,1.500000000000000
,564,8,0.500000000000000
,565,8,0.000000000000000
,566,8,0.500000000000000
,567,8,0.500000000000000
,568,8,1.500000000000000
,569,8,1.500000000000000
,570,8,2.125000000000000
,571,8,2.250000000000000
,572,8,1.125000000000000
,573,8,2.625000000000000
,574,8,2.375000000000000
,575,8,1.500000000000000
,576,8,0.625000000000000
,577,8,4.500000000000000
,578,8,8.125000000000000
,579,8,13.000000000000000
,580,8,14.750000000000000
,581,8,11.875000000000000
,582,8,10.500000000000000
,583,8,6.500000000000000
,584,8,9.625000000000000
,585,8,5.500000000000000
,586,8,9.875000000000000
,587,8,7.375000000000000
,588,8,14.375000000000000
,589,8,9.750000000000000
,590,8,11.750000000000000
,591,8,6.000000000000000
,592,8,7.375000000000000
,593,8,7.000000000000000
,594,8,5.000000000000000
,595,8,8.625000000000000
,596,8,10.375000000000000
,597,8,15.750000000000000
,598,8,11.875000000000000
,599,8,10.000000000000000
,600,8,2.125000000000000
,601,8,0.000000000000000
,602,8,1.875000000000000
,603,8,2.125000000000000
,604,8,2.625000000000000
,605,8,2.875000000000000
,606,8,2.500000000000000
,607,8,3.625000000000000
,608,8,2.375000000000000
,609,8,3.500000000000000
,610,8,2.125000000000000
,611,8,2.875000000000000
,612,8,2.000000000000000
,613,8,7.375000000000000
,614,8,13.750000000000000
,615,8,20.750000000000000
,616,8,23.625000000000000
,617,8,18.250000000000000
,618,8,16.000000000000000
,619,8,9.750000000000000
,620,8,10.375000000000000
,621,8,10.500000000000000
,622,8,12.875000000000000
,623,8,11.500000000000000
,624,8,22.250000000000000
,625,8,16.125000000000000
,626,8,18.750000000000000
,627,8,7.750000000000000
,628,8,9.000000000000000
,629,8,10.500000000000000
,630,8,9.000000000000000
,631,8,10.750000000000000
,632,8,15.375000000000000
,633,8,20.125000000000000
,634,8,16.875000000000000
,635,8,8.750000000000000
,636,8,1.625000000000000
,637,8,0.000000000000000
,638,8,0.000000000000000
,639,8,1.625000000000000
,640,8,1.625000000000000
,641,8,2.750000000000000
,642,8,4.125000000000000
,643,8,5.000000000000000
,644,8,5.375000000000000
,645,8,4.375000000000000
,646,8,4.375000000000000
,647,8,2.500000000000000
,648,8,3.750000000000000
,649,8,4.250000000000000
,650,8,12.000000000000000
,651,8,21.125000000000000
,652,8,24.875000000000000
,653,8,27.500000000000000
,654,8,22.000000000000000
,655,8,18.750000000000000
,656,8,15.125000000000000
,657,8,13.125000000000000
,658,8,13.625000000000000
,659,8,14.875000000000000
,660,8,21.375000000000000
,661,8,37.750000000000000
,662,8,29.625000000000000
,663,8,26.500000000000000
,664,8,12.000000000000000
,665,8,9.375000000000000
,666,8,11.000000000000000
,667,8,10.000000000000000
,668,8,15.625000000000000
,669,8,20.500000000000000
,670,8,18.000000000000000
,671,8,14.125000000000000
,672,8,5.125000000000000
,673,8,1.250000000000000
,674,8,0.000000000000000
,675,8,3.125000000000000
,676,8,3.750000000000000
,677,8,2.750000000000000
,678,8,2.000000000000000
,679,8,5.375000000000000
,680,8,4.625000000000000
,681,8,4.500000000000000
,682,8,2.875000000000000
,683,8,2.000000000000000
,684,8,3.750000000000000
,685,8,5.125000000000000
,686,8,12.250000000000000
,687,8,22.125000000000000
,688,8,27.250000000000000
,689,8,33.000000000000000
,690,8,30.625000000000000
,691,8,23.875000000000000
,692,8,21.750000000000000
,693,8,13.875000000000000
,694,8,12.250000000000000
,695,8,16.125000000000000
,696,8,19.250000000000000
,697,8,31.875000000000000
,698,8,22.875000000000000
,699,8,24.750000000000000
,700,8,15.375000000000000
,701,8,12.875000000000000
,702,8,15.875000000000000
,703,8,16.625000000000000
,704,8,22.000000000000000
,705,8,31.375000000000000
,706,8,24.375000000000000
,707,8,15.125000000000000
,708,8,5.750000000000000
,709,8,1.250000000000000
,710,8,1.250000000000000
,711,8,2.000000000000000
,712,8,2.250000000000000
,713,8,2.000000000000000
,714,8,2.750000000000000
,715,8,5.000000000000000
,716,8,4.125000000000000
,717,8,5.500000000000000
,718,8,3.750000000000000
,719,8,3.250000000000000
,720,8,4.000000000000000
,721,8,6.750000000000000
,722,8,10.625000000000000
,723,8,19.875000000000000
,724,8,24.375000000000000
,725,8,27.750000000000000
,726,8,28.375000000000000
,727,8,23.125000000000000
,728,8,28.500000000000000
,729,8,20.500000000000000
,730,8,22.875000000000000
,731,8,20.875000000000000
,732,8,22.250000000000000
,733,8,31.500000000000000
,734,8,24.500000000000000
,735,8,21.875000000000000
,736,8,18.375000000000000
,737,8,20.250000000000000
,738,8,17.750000000000000
,739,8,20.000000000000000
,740,8,28.625000000000000
,741,8,33.625000000000000
,742,8,25.625000000000000
,743,8,12.750000000000000
,744,8,4.875000000000000
,745,8,2.250000000000000
,746,8,1.750000000000000
,747,8,1.375000000000000
,748,8,1.875000000000000
,749,8,3.375000000000000
,750,8,4.875000000000000
,751,8,4.500000000000000
,752,8,5.000000000000000
,753,8,7.750000000000000
,754,8,7.125000000000000
,755,8,11.000000000000000
,756,8,10.000000000000000
,757,8,18.750000000000000
,758,8,21.000000000000000
,759,8,26.875000000000000
,760,8,29.000000000000000
,761,8,22.750000000000000
,762,8,26.375000000000000
,763,8,18.375000000000000
,764,8,21.250000000000000
,765,8,18.375000000000000
,766,8,16.500000000000000
,767,8,16.500000000000000
,768,8,12.875000000000000
,769,8,14.625000000000000
,770,8,18.500000000000000
,771,8,22.875000000000000
,772,8,22.000000000000000
,773,8,23.875000000000000
,774,8,27.250000000000000
,775,8,27.750000000000000
,776,8,24.000000000000000
,777,8,13.250000000000000
,778,8,8.750000000000000
,779,8,1.750000000000000
,780,8,0.375000000000000
,781,8,1.750000000000000
,782,8,1.000000000000000
,783,8,1.875000000000000
,784,8,3.000000000000000
,785,8,2.250000000000000
,786,8,7.125000000000000
,787,8,12.125000000000000
,788,8,10.375000000000000
,789,8,14.375000000000000
,790,8,9.125000000000000
,791,8,16.375000000000000
,792,8,17.750000000000000
,793,8,20.875000000000000
,794,8,19.750000000000000
,795,8,19.500000000000000
,796,8,22.000000000000000
,797,8,22.750000000000000
,798,8,24.125000000000000
,799,8,24.500000000000000
,800,8,20.250000000000000
,801,8,15.500000000000000
,802,8,10.375000000000000
,803,8,11.500000000000000
,804,8,22.000000000000000
,805,8,27.625000000000000
,806,8,24.625000000000000
,807,8,24.625000000000000
,808,8,21.375000000000000
,809,8,21.250000000000000
,810,8,29.875000000000000
,811,8,1.125000000000000
,812,8,1.750000000000000
,813,8,3.375000000000000
,814,8,3.250000000000000
,815,8,3.500000000000000
,816,8,5.375000000000000
,817,8,6.250000000000000
,818,8,11.875000000000000
,819,8,15.625000000000000
,820,8,16.875000000000000
,821,8,20.125000000000000
,822,8,18.375000000000000
,823,8,23.750000000000000
,824,8,24.125000000000000
,825,8,26.250000000000000
,826,8,23.500000000000000
,827,8,20.875000000000000
,828,8,17.125000000000000
,829,8,18.000000000000000
,830,8,19.500000000000000
,831,8,21.875000000000000
,832,8,22.625000000000000
,833,8,19.750000000000000
,834,8,16.500000000000000
,835,8,16.125000000000000
,836,8,21.750000000000000
,837,8,25.375000000000000
,838,8,27.625000000000000
,839,8,17.625000000000000
,840,8,17.250000000000000
,841,8,25.000000000000000
,842,8,1.000000000000000
,843,8,0.875000000000000
,844,8,1.125000000000000
,845,8,1.375000000000000
,846,8,1.750000000000000
,847,8,2.000000000000000
,848,8,2.125000000000000
,849,8,1.750000000000000
,850,8,1.500000000000000
,851,8,1.750000000000000
,852,8,2.000000000000000
,853,8,3.875000000000000
,854,8,4.125000000000000
,855,8,4.625000000000000
,856,8,4.625000000000000
,857,8,7.625000000000000
,858,8,7.875000000000000
,859,8,14.000000000000000
,860,8,18.125000000000000
,861,8,20.125000000000000
,862,8,18.750000000000000
,863,8,17.375000000000000
,864,8,22.500000000000000
,865,8,24.000000000000000
,866,8,25.500000000000000
,867,8,22.250000000000000
,868,8,22.125000000000000
,869,8,17.875000000000000
,870,8,14.125000000000000
,871,8,15.250000000000000
,872,8,23.750000000000000
,873,8,26.625000000000000
,874,8,22.625000000000000
,875,8,14.375000000000000
,876,8,13.500000000000000
,877,8,17.125000000000000
,878,8,16.125000000000000
,879,8,20.375000000000000
,880,8,11.250000000000000
,881,8,12.875000000000000
,882,8,0.750000000000000
,883,8,0.875000000000000
,884,8,1.500000000000000
,885,8,1.750000000000000
,886,8,2.500000000000000
,887,8,1.750000000000000
,888,8,1.750000000000000
,889,8,0.750000000000000
,890,8,0.750000000000000
,891,8,1.375000000000000
,892,8,2.375000000000000
,893,8,5.250000000000000
,894,8,5.000000000000000
,895,8,6.250000000000000
,896,8,5.500000000000000
,897,8,9.500000000000000
,898,8,11.000000000000000
,899,8,16.750000000000000
,900,8,19.875000000000000
,901,8,18.375000000000000
,902,8,21.250000000000000
,903,8,18.875000000000000
,904,8,23.625000000000000
,905,8,21.625000000000000
,906,8,23.375000000000000
,907,8,22.375000000000000
,908,8,20.750000000000000
,909,8,19.250000000000000
,910,8,11.750000000000000
,911,8,13.750000000000000
,912,8,24.000000000000000
,913,8,25.750000000000000
,914,8,32.500000000000000
,915,8,21.625000000000000
,916,8,16.750000000000000
,917,8,16.875000000000000
,918,8,12.125000000000000
,919,8,9.875000000000000
,920,8,7.250000000000000
,921,8,10.750000000000000
,922,8,0.625000000000000
,923,8,1.125000000000000
,924,8,1.125000000000000
,925,8,2.125000000000000
,926,8,2.000000000000000
,927,8,2.500000000000000
,928,8,1.750000000000000
,929,8,1.250000000000000
,930,8,0.750000000000000
,931,8,2.250000000000000
,932,8,3.125000000000000
,933,8,5.500000000000000
,934,8,5.250000000000000
,935,8,6.500000000000000
,936,8,6.000000000000000
,937,8,10.625000000000000
,938,8,10.000000000000000
,939,8,14.125000000000000
,940,8,18.500000000000000
,941,8,14.000000000000000
,942,8,18.250000000000000
,943,8,11.125000000000000
,944,8,18.875000000000000
,945,8,19.625000000000000
,946,8,22.125000000000000
,947,8,23.250000000000000
,948,8,19.625000000000000
,949,8,18.125000000000000
,950,8,10.625000000000000
,951,8,12.625000000000000
,952,8,20.375000000000000
,953,8,23.375000000000000
,954,8,23.750000000000000
,955,8,15.500000000000000
,956,8,9.375000000000000
,957,8,7.375000000000000
,958,8,3.500000000000000
,959,8,6.625000000000000
,960,8,5.625000000000000
,961,8,1.375000000000000
,962,8,1.500000000000000
,963,8,2.375000000000000
,964,8,3.250000000000000
,965,8,2.750000000000000
,966,8,2.125000000000000
,967,8,1.250000000000000
,968,8,1.500000000000000
,969,8,0.750000000000000
,970,8,2.250000000000000
,971,8,2.375000000000000
,972,8,4.500000000000000
,973,8,3.750000000000000
,974,8,4.250000000000000
,975,8,4.500000000000000
,976,8,9.000000000000000
,977,8,9.250000000000000
,978,8,11.000000000000000
,979,8,13.625000000000000
,980,8,10.000000000000000
,981,8,13.250000000000000
,982,8,11.500000000000000
,983,8,17.625000000000000
,984,8,19.750000000000000
,985,8,19.625000000000000
,986,8,18.625000000000000
,987,8,15.125000000000000
,988,8,14.250000000000000
,989,8,9.875000000000000
,990,8,16.625000000000000
,991,8,18.250000000000000
,992,8,23.500000000000000
,993,8,15.500000000000000
,994,8,12.375000000000000
,995,8,7.250000000000000
,996,8,6.000000000000000
,997,8,3.875000000000000
,998,8,2.625000000000000
,999,8,0.750000000000000
,1000,8,1.000000000000000
,1001,8,1.875000000000000
,1002,8,1.625000000000000
,1003,8,1.625000000000000
,1004,8,2.250000000000000
,1005,8,2.250000000000000
,1006,8,2.375000000000000
,1007,8,1.500000000000000
,1008,8,2.625000000000000
,1009,8,3.125000000000000
,1010,8,3.750000000000000
,1011,8,4.125000000000000
,1012,8,4.000000000000000
,1013,8,5.000000000000000
,1014,8,7.250000000000000
,1015,8,6.750000000000000
,1016,8,9.125000000000000
,1017,8,8.250000000000000
,1018,8,7.875000000000000
,1019,8,10.375000000000000
,1020,8,10.875000000000000
,1021,8,15.125000000000000
,1022,8,17.375000000000000
,1023,8,17.500000000000000
,1024,8,17.750000000000000
,1025,8,12.250000000000000
,1026,8,14.375000000000000
,1027,8,13.000000000000000
,1028,8,22.375000000000000
,1029,8,13.875000000000000
,1030,8,14.500000000000000
,1031,8,4.000000000000000
,1032,8,3.250000000000000
,1033,8,2.000000000000000
,1034,8,3.375000000000000
,1035,8,3.500000000000000
,1036,8,3.625000000000000
,1037,8,1.000000000000000
,1038,8,1.250000000000000
,1039,8,1.750000000000000
,1040,8,2.125000000000000
,1041,8,1.875000000000000
,1042,8,2.000000000000000
,1043,8,1.625000000000000
,1044,8,2.625000000000000
,1045,8,2.500000000000000
,1046,8,2.750000000000000
,1047,8,3.875000000000000
,1048,8,2.250000000000000
,1049,8,4.125000000000000
,1050,8,2.250000000000000
,1051,8,5.000000000000000
,1052,8,8.250000000000000
,1053,8,6.250000000000000
,1054,8,8.250000000000000
,1055,8,7.750000000000000
,1056,8,7.875000000000000
,1057,8,11.250000000000000
,1058,8,12.625000000000000
,1059,8,19.250000000000000
,1060,8,17.125000000000000
,1061,8,16.625000000000000
,1062,8,15.125000000000000
,1063,8,9.500000000000000
,1064,8,12.750000000000000
,1065,8,9.875000000000000
,1066,8,22.375000000000000
,1067,8,19.250000000000000
,1068,8,16.375000000000000
,1069,8,5.250000000000000
,1070,8,4.875000000000000
,1071,8,6.500000000000000
,1072,8,7.625000000000000
,1073,8,4.750000000000000
,1074,8,3.375000000000000
,1075,8,1.250000000000000
,1076,8,1.125000000000000
,1077,8,2.000000000000000
,1078,8,2.250000000000000
,1079,8,2.000000000000000
,1080,8,2.125000000000000
,1081,8,2.250000000000000
,1082,8,2.875000000000000
,1083,8,3.875000000000000
,1084,8,2.875000000000000
,1085,8,5.625000000000000
,1086,8,3.875000000000000
,1087,8,5.500000000000000
,1088,8,3.500000000000000
,1089,8,4.375000000000000
,1090,8,4.125000000000000
,1091,8,4.250000000000000
,1092,8,5.375000000000000
,1093,8,5.625000000000000
,1094,8,5.000000000000000
,1095,8,11.500000000000000
,1096,8,12.750000000000000
,1097,8,17.125000000000000
,1098,8,15.625000000000000
,1099,8,13.125000000000000
,1100,8,9.750000000000000
,1101,8,7.250000000000000
,1102,8,10.875000000000000
,1103,8,12.625000000000000
,1104,8,21.500000000000000
,1105,8,17.125000000000000
,1106,8,16.625000000000000
,1107,8,9.000000000000000
,1108,8,7.500000000000000
,1109,8,7.250000000000000
,1110,8,8.375000000000000
,1111,8,7.000000000000000
,1112,8,4.375000000000000
,1113,8,4.750000000000000
,1114,8,4.250000000000000
,1115,8,6.500000000000000
,1116,8,3.250000000000000
,1117,8,4.875000000000000
,1118,8,3.250000000000000
,1119,8,4.000000000000000
,1120,8,5.875000000000000
,1121,8,5.500000000000000
,1122,8,7.000000000000000
,1123,8,8.375000000000000
,1124,8,7.875000000000000
,1125,8,11.875000000000000
,1126,8,14.875000000000000
,1127,8,19.375000000000000
,1128,8,16.000000000000000
,1129,8,10.000000000000000
,1130,8,11.125000000000000
,1131,8,7.750000000000000
,1132,8,8.125000000000000
,1133,8,7.375000000000000
,1134,8,18.250000000000000
,1135,8,19.875000000000000
,1136,8,22.875000000000000
,1137,8,14.375000000000000
,1138,8,15.000000000000000
,1139,8,12.875000000000000
,1140,8,8.875000000000000
,1141,8,7.250000000000000
,1142,8,8.750000000000000
,1143,8,5.500000000000000
,1144,8,2.750000000000000
,1145,8,6.000000000000000
,1146,8,3.250000000000000
,1147,8,4.125000000000000
,1148,8,2.625000000000000
,1149,8,2.750000000000000
,1150,8,4.375000000000000
,1151,8,3.000000000000000
,1152,8,6.875000000000000
,1153,8,5.375000000000000
,1154,8,5.000000000000000
,1155,8,8.625000000000000
,1156,8,12.875000000000000
,1157,8,15.000000000000000
,1158,8,14.625000000000000
,1159,8,6.375000000000000
,1160,8,7.250000000000000
,1161,8,2.375000000000000
,1162,8,8.125000000000000
,1163,8,6.750000000000000
,1164,8,13.500000000000000
,1165,8,11.875000000000000
,1166,8,22.125000000000000
,1167,8,15.250000000000000
,1168,8,14.750000000000000
,1169,8,9.000000000000000
,1170,8,6.375000000000000
,1171,8,7.875000000000000
,1172,8,4.000000000000000
,1173,8,2.375000000000000
,1174,8,3.375000000000000
,1175,8,1.250000000000000
,1176,8,2.500000000000000
,1177,8,1.500000000000000
,1178,8,2.125000000000000
,1179,8,4.375000000000000
,1180,8,6.125000000000000
,1181,8,10.125000000000000
,1182,8,9.375000000000000
,1183,8,7.250000000000000
,1184,8,7.375000000000000
,1185,8,10.750000000000000
,1186,8,10.125000000000000
,1187,8,10.625000000000000
,1188,8,2.875000000000000
,1189,8,5.375000000000000
,1190,8,4.875000000000000
,1191,8,10.250000000000000
,1192,8,10.875000000000000
,1193,8,17.000000000000000
,1194,8,14.750000000000000
,1195,8,21.000000000000000
,1196,8,15.250000000000000
,1197,8,16.250000000000000
,1198,8,7.625000000000000
,1199,8,5.625000000000000
,1200,8,2.750000000000000
,1201,8,0.750000000000000
,1202,8,0.125000000000000
,1203,8,0.875000000000000
,1204,8,0.500000000000000
,1205,8,1.250000000000000
,1206,8,4.000000000000000
,1207,8,7.125000000000000
,1208,8,9.875000000000000
,1209,8,9.750000000000000
,1210,8,6.750000000000000
,1211,8,4.500000000000000
,1212,8,6.250000000000000
,1213,8,5.125000000000000
,1214,8,4.625000000000000
,1215,8,0.250000000000000
,1216,8,1.500000000000000
,1217,8,2.625000000000000
,1218,8,7.875000000000000
,1219,8,8.250000000000000
,1220,8,11.375000000000000
,1221,8,12.125000000000000
,1222,8,14.125000000000000
,1223,8,12.750000000000000
,1224,8,10.750000000000000
,1225,8,7.250000000000000
,1226,8,5.375000000000000
,1227,8,0.625000000000000
,1228,8,0.625000000000000
,1229,8,0.125000000000000
,1230,8,0.375000000000000
,1231,8,0.375000000000000
,1232,8,0.750000000000000
,1233,8,2.625000000000000
,1234,8,4.500000000000000
,1235,8,8.750000000000000
,1236,8,7.375000000000000
,1237,8,6.375000000000000
,1238,8,3.625000000000000
,1239,8,3.250000000000000
,1240,8,2.875000000000000
,1241,8,2.125000000000000
,1242,8,0.250000000000000
,1243,8,0.625000000000000
,1244,8,1.000000000000000
,1245,8,7.875000000000000
,1246,8,11.750000000000000
,1247,8,16.250000000000000
,1248,8,14.875000000000000
,1249,8,13.500000000000000
,1250,8,13.750000000000000
,1251,8,10.125000000000000
,1252,8,8.000000000000000
,1253,8,0.000000000000000
,1254,8,0.250000000000000
,1255,8,0.125000000000000
,1256,8,0.250000000000000
,1257,8,0.500000000000000
,1258,8,2.500000000000000
,1259,8,4.500000000000000
,1260,8,7.000000000000000
,1261,8,6.500000000000000
,1262,8,5.625000000000000
,1263,8,5.625000000000000
,1264,8,5.000000000000000
,1265,8,4.625000000000000
,1266,8,2.375000000000000
,1267,8,2.375000000000000
,1268,8,3.000000000000000
,1269,8,3.500000000000000
,1270,8,5.500000000000000
,1271,8,7.125000000000000
,1272,8,16.250000000000000
,1273,8,20.000000000000000
,1274,8,18.500000000000000
,1275,8,12.875000000000000
,1276,8,9.000000000000000
,1277,8,0.875000000000000
,1278,8,1.875000000000000
,1279,8,3.625000000000000
,1280,8,3.250000000000000
,1281,8,3.125000000000000
,1282,8,1.750000000000000
,1283,8,2.125000000000000
,1284,8,1.500000000000000
,1285,8,2.500000000000000
,1286,8,2.000000000000000
,1287,8,4.500000000000000
,1288,8,5.000000000000000
,1289,8,5.750000000000000
,1290,8,4.500000000000000
,1291,8,6.250000000000000
,1292,8,5.625000000000000
,1293,8,6.750000000000000
,1294,8,7.000000000000000
,1295,8,10.000000000000000
,1296,8,14.750000000000000
,1297,8,14.625000000000000
,1298,8,12.500000000000000
,1299,8,10.750000000000000
,1300,8,11.500000000000000
,1301,8,2.250000000000000
,1302,8,3.375000000000000
,1303,8,6.500000000000000
,1304,8,4.625000000000000
,1305,8,6.250000000000000
,1306,8,3.625000000000000
,1307,8,3.750000000000000
,1308,8,2.500000000000000
,1309,8,2.500000000000000
,1310,8,2.375000000000000
,1311,8,4.000000000000000
,1312,8,5.250000000000000
,1313,8,4.750000000000000
,1314,8,5.375000000000000
,1315,8,7.750000000000000
,1316,8,6.500000000000000
,1317,8,8.250000000000000
,1318,8,6.625000000000000
,1319,8,8.500000000000000
,1320,8,13.375000000000000
,1321,8,14.375000000000000
,1322,8,11.000000000000000
,1323,8,8.875000000000000
,1324,8,4.125000000000000
,1325,8,7.625000000000000
,1326,8,12.375000000000000
,1327,8,12.000000000000000
,1328,8,12.750000000000000
,1329,8,12.125000000000000
,1330,8,10.500000000000000
,1331,8,6.750000000000000
,1332,8,3.625000000000000
,1333,8,3.000000000000000
,1334,8,2.875000000000000
,1335,8,3.500000000000000
,1336,8,3.250000000000000
,1337,8,4.375000000000000
,1338,8,6.750000000000000
,1339,8,7.375000000000000
,1340,8,7.125000000000000
,1341,8,7.250000000000000
,1342,8,8.875000000000000
,1343,8,9.375000000000000
,1344,8,6.250000000000000
,1345,8,2.250000000000000
,1346,8,6.625000000000000
,1347,8,6.000000000000000
,1348,8,9.000000000000000
,1349,8,11.750000000000000
,1350,8,15.875000000000000
,1351,8,16.625000000000000
,1352,8,17.125000000000000
,1353,8,15.000000000000000
,1354,8,12.875000000000000
,1355,8,9.500000000000000
,1356,8,8.000000000000000
,1357,8,5.500000000000000
,1358,8,3.000000000000000
,1359,8,1.875000000000000
,1360,8,2.375000000000000
,1361,8,2.875000000000000
,1362,8,3.500000000000000
,1363,8,3.125000000000000
,1364,8,5.000000000000000
,1365,8,6.375000000000000
,1366,8,6.500000000000000
,1367,8,4.875000000000000
,1368,8,1.625000000000000
,1369,8,1.125000000000000
,1370,8,9.250000000000000
,1371,8,11.125000000000000
,1372,8,17.875000000000000
,1373,8,20.250000000000000
,1374,8,22.125000000000000
,1375,8,23.750000000000000
,1376,8,21.250000000000000
,1377,8,16.500000000000000
,1378,8,11.000000000000000
,1379,8,9.750000000000000
,1380,8,9.125000000000000
,1381,8,7.375000000000000
,1382,8,4.250000000000000
,1383,8,3.625000000000000
,1384,8,3.250000000000000
,1385,8,4.500000000000000
,1386,8,3.500000000000000
,1387,8,6.750000000000000
,1388,8,8.875000000000000
,1389,8,9.625000000000000
,1390,8,5.500000000000000
,1391,8,1.375000000000000
,1392,8,0.750000000000000
,1393,8,7.500000000000000
,1394,8,10.000000000000000
,1395,8,17.000000000000000
,1396,8,21.875000000000000
,1397,8,25.875000000000000
,1398,8,22.875000000000000
,1399,8,20.000000000000000
,1400,8,12.500000000000000
,1401,8,12.250000000000000
,1402,8,11.625000000000000
,1403,8,9.375000000000000
,1404,8,11.000000000000000
,1405,8,8.500000000000000
,1406,8,8.375000000000000
,1407,8,5.750000000000000
,1408,8,5.125000000000000
,1409,8,3.250000000000000
,1410,8,5.625000000000000
,1411,8,5.500000000000000
,1412,8,6.250000000000000
,1413,8,5.250000000000000
,1414,8,1.500000000000000
,1415,8,1.000000000000000
,1416,8,10.875000000000000
,1417,8,11.625000000000000
,1418,8,22.000000000000000
,1419,8,25.625000000000000
,1420,8,30.250000000000000
,1421,8,24.375000000000000
,1422,8,22.250000000000000
,1423,8,11.750000000000000
,1424,8,8.250000000000000
,1425,8,7.250000000000000
,1426,8,7.125000000000000
,1427,8,9.625000000000000
,1428,8,9.875000000000000
,1429,8,12.000000000000000
,1430,8,11.000000000000000
,1431,8,8.125000000000000
,1432,8,6.750000000000000
,1433,8,8.000000000000000
,1434,8,10.500000000000000
,1435,8,6.875000000000000
,1436,8,5.875000000000000
,1437,8,1.000000000000000
,1438,8,0.875000000000000
,1439,8,6.000000000000000
,1440,8,2.375000000000000
,1441,8,2.500000000000000
,1442,8,1.625000000000000
,1443,8,2.625000000000000
,1444,8,2.750000000000000
,1445,8,6.750000000000000
,1446,8,11.500000000000000
,1447,8,23.625000000000000
,1448,8,26.000000000000000
,1449,8,29.750000000000000
,1450,8,26.750000000000000
,1451,8,24.500000000000000
,1452,8,14.750000000000000
,1453,8,10.000000000000000
,1454,8,6.625000000000000
,1455,8,7.000000000000000
,1456,8,8.750000000000000
,1457,8,11.875000000000000
,1458,8,13.250000000000000
,1459,8,10.250000000000000
,1460,8,9.125000000000000
,1461,8,11.500000000000000
,1462,8,9.875000000000000
,1463,8,18.500000000000000
,1464,8,11.250000000000000
,1465,8,9.625000000000000
,1466,8,1.125000000000000
,1467,8,0.750000000000000
,1468,8,5.000000000000000
,1469,8,5.250000000000000
,1470,8,6.375000000000000
,1471,8,6.875000000000000
,1472,8,7.625000000000000
,1473,8,6.625000000000000
,1474,8,11.500000000000000
,1475,8,16.625000000000000
,1476,8,26.625000000000000
,1477,8,30.125000000000000
,1478,8,32.125000000000000
,1479,8,29.625000000000000
,1480,8,28.875000000000000
,1481,8,21.500000000000000
,1482,8,17.250000000000000
,1483,8,6.125000000000000
,1484,8,6.000000000000000
,1485,8,5.500000000000000
,1486,8,5.875000000000000
,1487,8,10.375000000000000
,1488,8,8.125000000000000
,1489,8,7.375000000000000
,1490,8,8.750000000000000
,1491,8,9.375000000000000
,1492,8,19.500000000000000
,1493,8,9.125000000000000
,1494,8,13.000000000000000
,1495,8,1.250000000000000
,1496,8,1.250000000000000
,1497,8,3.250000000000000
,1498,8,10.125000000000000
,1499,8,9.500000000000000
,1500,8,14.375000000000000
,1501,8,17.250000000000000
,1502,8,15.875000000000000
,1503,8,21.125000000000000
,1504,8,26.125000000000000
,1505,8,30.250000000000000
,1506,8,28.625000000000000
,1507,8,25.750000000000000
,1508,8,25.750000000000000
,1509,8,30.125000000000000
,1510,8,20.625000000000000
,1511,8,21.000000000000000
,1512,8,12.750000000000000
,1513,8,14.125000000000000
,1514,8,9.625000000000000
,1515,8,5.875000000000000
,1516,8,7.375000000000000
,1517,8,5.000000000000000
,1518,8,11.000000000000000
,1519,8,14.500000000000000
,1520,8,22.250000000000000
,1521,8,26.875000000000000
,1522,8,20.000000000000000
,1523,8,15.375000000000000
,1524,8,9.500000000000000
,1525,8,17.625000000000000
,1526,8,21.250000000000000
,1527,8,26.375000000000000
,1528,8,26.625000000000000
,1529,8,25.000000000000000
,1530,8,27.875000000000000
,1531,8,33.000000000000000
,1532,8,32.500000000000000
,1533,8,31.875000000000000
,1534,8,26.625000000000000
,1535,8,22.125000000000000
,1536,8,28.875000000000000
,1537,8,20.750000000000000
,1538,8,23.125000000000000
,1539,8,16.000000000000000
,1540,8,16.625000000000000
,1541,8,12.250000000000000
,1542,8,7.500000000000000
,1543,8,6.500000000000000
,1544,8,5.500000000000000
,1545,8,10.375000000000000
,1546,8,10.000000000000000
,1547,8,27.875000000000000
,1548,8,29.750000000000000
,1549,8,27.250000000000000
,1550,8,19.000000000000000
,1551,8,11.625000000000000
,1552,8,20.000000000000000
,1553,8,23.750000000000000
,1554,8,30.500000000000000
,1555,8,25.750000000000000
,1556,8,26.750000000000000
,1557,8,25.875000000000000
,1558,8,28.500000000000000
,1559,8,26.375000000000000
,1560,8,21.875000000000000
,1561,8,19.500000000000000
,1562,8,14.875000000000000
,1563,8,19.500000000000000
,1564,8,12.000000000000000
,1565,8,16.875000000000000
,1566,8,13.500000000000000
,1567,8,18.000000000000000
,1568,8,13.500000000000000
,1569,8,7.500000000000000
,1570,8,7.125000000000000
,1571,8,8.000000000000000
,1572,8,11.750000000000000
,1573,8,16.750000000000000
,1574,8,32.625000000000000
,1575,8,32.375000000000000
,1576,8,34.750000000000000
,1577,8,20.250000000000000
,1578,8,16.250000000000000
,1579,8,15.000000000000000
,1580,8,24.375000000000000
,1581,8,24.500000000000000
,1582,8,31.875000000000000
,1583,8,23.875000000000000
,1584,8,21.125000000000000
,1585,8,17.875000000000000
,1586,8,17.750000000000000
,1587,8,19.375000000000000
,1588,8,20.125000000000000
,1589,8,19.000000000000000
,1590,8,17.500000000000000
,1591,8,16.625000000000000
,1592,8,9.125000000000000
,1593,8,11.125000000000000
,1594,8,9.750000000000000
,1595,8,12.750000000000000
,1596,8,9.500000000000000
,1597,8,9.250000000000000
,1598,8,7.500000000000000
,1599,8,6.500000000000000
,1600,8,7.500000000000000
,1601,8,11.375000000000000
,1602,8,28.875000000000000
,1603,8,34.750000000000000
,1604,8,33.750000000000000
,1605,8,17.500000000000000
,1606,8,15.375000000000000
,1607,8,14.375000000000000
,1608,8,21.750000000000000
,1609,8,24.125000000000000
,1610,8,30.375000000000000
,1611,8,21.625000000000000
,1612,8,14.250000000000000
,1613,8,9.750000000000000
,1614,8,10.000000000000000
,1615,8,17.625000000000000
,1616,8,22.250000000000000
,1617,8,25.125000000000000
,1618,8,20.750000000000000
,1619,8,15.250000000000000
,1620,8,7.750000000000000
,1621,8,6.000000000000000
,1622,8,5.250000000000000
,1623,8,7.750000000000000
,1624,8,7.875000000000000
,1625,8,8.750000000000000
,1626,8,7.625000000000000
,1627,8,7.375000000000000
,1628,8,5.750000000000000
,1629,8,7.375000000000000
,1630,8,21.250000000000000
,1631,8,30.250000000000000
,1632,8,31.375000000000000
,1633,8,19.250000000000000
,1634,8,5.125000000000000
,1635,8,4.375000000000000
,1636,8,3.375000000000000
,1637,8,16.500000000000000
,1638,8,19.875000000000000
,1639,8,23.750000000000000
,1640,8,24.875000000000000
,1641,8,19.625000000000000
,1642,8,13.250000000000000
,1643,8,9.000000000000000
,1644,8,11.500000000000000
,1645,8,19.750000000000000
,1646,8,24.250000000000000
,1647,8,28.625000000000000
,1648,8,18.250000000000000
,1649,8,16.625000000000000
,1650,8,9.000000000000000
,1651,8,6.750000000000000
,1652,8,4.750000000000000
,1653,8,5.125000000000000
,1654,8,5.125000000000000
,1655,8,7.125000000000000
,1656,8,5.500000000000000
,1657,8,5.125000000000000
,1658,8,6.125000000000000
,1659,8,8.875000000000000
,1660,8,16.625000000000000
,1661,8,23.250000000000000
,1662,8,20.875000000000000
,1663,8,21.750000000000000
,1664,8,5.875000000000000
,1665,8,4.375000000000000
,1666,8,4.375000000000000
,1667,8,16.500000000000000
,1668,8,19.125000000000000
,1669,8,24.125000000000000
,1670,8,25.750000000000000
,1671,8,17.375000000000000
,1672,8,11.500000000000000
,1673,8,9.250000000000000
,1674,8,18.125000000000000
,1675,8,27.375000000000000
,1676,8,30.875000000000000
,1677,8,28.125000000000000
,1678,8,20.375000000000000
,1679,8,19.000000000000000
,1680,8,11.375000000000000
,1681,8,14.250000000000000
,1682,8,9.750000000000000
,1683,8,7.875000000000000
,1684,8,10.125000000000000
,1685,8,11.375000000000000
,1686,8,10.125000000000000
,1687,8,7.000000000000000
,1688,8,8.375000000000000
,1689,8,10.250000000000000
,1690,8,23.375000000000000
,1691,8,25.875000000000000
,1692,8,20.375000000000000
,1693,8,15.750000000000000
,1694,8,13.750000000000000
,1695,8,17.250000000000000
,1696,8,22.375000000000000
,1697,8,22.250000000000000
,1698,8,16.500000000000000
,1699,8,11.500000000000000
,1700,8,15.000000000000000
,1701,8,21.625000000000000
,1702,8,24.625000000000000
,1703,8,23.625000000000000
,1704,8,19.625000000000000
,1705,8,11.875000000000000
,1706,8,16.250000000000000
,1707,8,12.625000000000000
,1708,8,15.500000000000000
,1709,8,14.000000000000000
,1710,8,11.875000000000000
,1711,8,13.375000000000000
,1712,8,5.375000000000000
,1713,8,7.500000000000000
,1714,8,7.625000000000000
,1715,8,11.000000000000000
,1716,8,15.500000000000000
,1717,8,19.750000000000000
,1718,8,13.250000000000000
,1719,8,17.750000000000000
,1720,8,20.000000000000000
,1721,8,1.625000000000000
,1722,8,1.750000000000000
,1723,8,2.625000000000000
,1724,8,4.250000000000000
,1725,8,5.500000000000000
,1726,8,8.625000000000000
,1727,8,13.875000000000000
,1728,8,16.500000000000000
,1729,8,13.500000000000000
,1730,8,13.500000000000000
,1731,8,6.500000000000000
,1732,8,13.250000000000000
,1733,8,15.750000000000000
,1734,8,21.375000000000000
,1735,8,17.125000000000000
,1736,8,14.625000000000000
,1737,8,9.375000000000000
,1738,8,14.500000000000000
,1739,8,12.625000000000000
,1740,8,13.875000000000000
,1741,8,14.875000000000000
,1742,8,7.750000000000000
,1743,8,14.000000000000000
,1744,8,9.500000000000000
,1745,8,8.625000000000000
,1746,8,7.500000000000000
,1747,8,8.000000000000000
,1748,8,15.000000000000000
,1749,8,15.625000000000000
,1750,8,14.375000000000000
,1751,8,10.875000000000000
,1752,8,1.750000000000000
,1753,8,1.500000000000000
,1754,8,2.000000000000000
,1755,8,3.375000000000000
,1756,8,5.375000000000000
,1757,8,6.625000000000000
,1758,8,10.250000000000000
,1759,8,13.875000000000000
,1760,8,13.500000000000000
,1761,8,11.875000000000000
,1762,8,7.625000000000000
,1763,8,13.625000000000000
,1764,8,14.250000000000000
,1765,8,17.750000000000000
,1766,8,15.375000000000000
,1767,8,12.750000000000000
,1768,8,11.125000000000000
,1769,8,12.000000000000000
,1770,8,11.125000000000000
,1771,8,12.625000000000000
,1772,8,13.625000000000000
,1773,8,9.625000000000000
,1774,8,10.250000000000000
,1775,8,3.250000000000000
,1776,8,3.875000000000000
,1777,8,6.750000000000000
,1778,8,8.125000000000000
,1779,8,10.875000000000000
,1780,8,7.250000000000000
,1781,8,5.500000000000000
,1782,8,8.250000000000000
,1783,8,2.250000000000000
,1784,8,2.500000000000000
,1785,8,2.375000000000000
,1786,8,3.250000000000000
,1787,8,3.875000000000000
,1788,8,5.500000000000000
,1789,8,8.000000000000000
,1790,8,8.125000000000000
,1791,8,8.000000000000000
,1792,8,7.625000000000000
,1793,8,8.250000000000000
,1794,8,6.500000000000000
,1795,8,8.625000000000000
,1796,8,9.250000000000000
,1797,8,10.125000000000000
,1798,8,11.000000000000000
,1799,8,10.250000000000000
,1800,8,9.500000000000000
,1801,8,10.000000000000000
,1802,8,9.875000000000000
,1803,8,8.625000000000000
,1804,8,5.375000000000000
,1805,8,3.625000000000000
,1806,8,5.500000000000000
,1807,8,4.875000000000000
,1808,8,5.000000000000000
,1809,8,4.125000000000000
,1810,8,4.125000000000000
,1811,8,4.875000000000000
,1812,8,3.750000000000000
,1813,8,5.500000000000000
,1814,8,2.250000000000000
,1815,8,2.250000000000000
,1816,8,1.750000000000000
,1817,8,2.375000000000000
,1818,8,3.500000000000000
,1819,8,4.625000000000000
,1820,8,7.000000000000000
,1821,8,7.750000000000000
,1822,8,8.375000000000000
,1823,8,10.125000000000000
,1824,8,8.000000000000000
,1825,8,8.875000000000000
,1826,8,7.875000000000000
,1827,8,8.125000000000000
,1828,8,9.125000000000000
,1829,8,10.375000000000000
,1830,8,12.500000000000000
,1831,8,10.375000000000000
,1832,8,9.375000000000000
,1833,8,8.750000000000000
,1834,8,7.375000000000000
,1835,8,8.125000000000000
,1836,8,6.250000000000000
,1837,8,4.750000000000000
,1838,8,4.625000000000000
,1839,8,3.000000000000000
,1840,8,5.375000000000000
,1841,8,4.500000000000000
,1842,8,5.625000000000000
,1843,8,3.625000000000000
,1844,8,2.000000000000000
,1845,8,2.500000000000000
,1846,8,3.625000000000000
,1847,8,3.750000000000000
,1848,8,4.750000000000000
,1849,8,5.375000000000000
,1850,8,9.875000000000000
,1851,8,9.375000000000000
,1852,8,8.875000000000000
,1853,8,9.250000000000000
,1854,8,9.500000000000000
,1855,8,10.750000000000000
,1856,8,10.125000000000000
,1857,8,6.750000000000000
,1858,8,7.500000000000000
,1859,8,8.000000000000000
,1860,8,10.500000000000000
,1861,8,12.750000000000000
,1862,8,11.000000000000000
,1863,8,9.000000000000000
,1864,8,7.500000000000000
,1865,8,7.375000000000000
,1866,8,5.625000000000000
,1867,8,4.500000000000000
,1868,8,4.875000000000000
,1869,8,2.750000000000000
,1870,8,5.625000000000000
,1871,8,3.625000000000000
,1872,8,7.250000000000000
,1873,8,4.750000000000000
,1874,8,3.125000000000000
,1875,8,1.375000000000000
,1876,8,2.875000000000000
,1877,8,2.500000000000000
,1878,8,3.875000000000000
,1879,8,4.875000000000000
,1880,8,7.625000000000000
,1881,8,8.375000000000000
,1882,8,10.125000000000000
,1883,8,8.500000000000000
,1884,8,7.750000000000000
,1885,8,8.125000000000000
,1886,8,8.250000000000000
,1887,8,7.250000000000000
,1888,8,7.250000000000000
,1889,8,8.000000000000000
,1890,8,9.500000000000000
,1891,8,11.125000000000000
,1892,8,8.000000000000000
,1893,8,7.750000000000000
,1894,8,4.500000000000000
,1895,8,3.750000000000000
,1896,8,4.875000000000000
,1897,8,3.625000000000000
,1898,8,4.375000000000000
,1899,8,2.500000000000000
,1900,8,5.250000000000000
,1901,8,6.500000000000000
,1902,8,9.000000000000000
,1903,8,6.125000000000000
,1904,8,3.875000000000000
,1905,8,1.500000000000000
,1906,8,0.000000000000000
,1907,8,0.125000000000000
,1908,8,0.125000000000000
,1909,8,0.250000000000000
,1910,8,1.000000000000000
,1911,8,1.625000000000000
,1912,8,1.875000000000000
,1913,8,2.500000000000000
,1914,8,3.000000000000000
,1915,8,3.625000000000000
,1916,8,3.875000000000000
,1917,8,4.875000000000000
,1918,8,7.000000000000000
,1919,8,8.250000000000000
,1920,8,8.125000000000000
,1921,8,9.500000000000000
,1922,8,10.000000000000000
,1923,8,10.375000000000000
,1924,8,7.625000000000000
,1925,8,8.000000000000000
,1926,8,9.125000000000000
,1927,8,9.625000000000000
,1928,8,12.625000000000000
,1929,8,11.375000000000000
,1930,8,9.125000000000000
,1931,8,6.500000000000000
,1932,8,4.375000000000000
,1933,8,4.875000000000000
,1934,8,5.500000000000000
,1935,8,3.750000000000000
,1936,8,4.000000000000000
,1937,8,2.250000000000000
,1938,8,5.625000000000000
,1939,8,8.375000000000000
,1940,8,10.875000000000000
,1941,8,8.000000000000000
,1942,8,4.625000000000000
,1943,8,2.250000000000000
,1944,8,0.000000000000000
,1945,8,0.000000000000000
,1946,8,0.250000000000000
,1947,8,0.750000000000000
,1948,8,2.125000000000000
,1949,8,2.125000000000000
,1950,8,2.625000000000000
,1951,8,2.500000000000000
,1952,8,2.500000000000000
,1953,8,2.750000000000000
,1954,8,2.250000000000000
,1955,8,2.750000000000000
,1956,8,4.125000000000000
,1957,8,6.500000000000000
,1958,8,8.500000000000000
,1959,8,8.625000000000000
,1960,8,6.000000000000000
,1961,8,7.750000000000000
,1962,8,7.875000000000000
,1963,8,7.250000000000000
,1964,8,8.875000000000000
,1965,8,7.250000000000000
,1966,8,9.375000000000000
,1967,8,6.125000000000000
,1968,8,6.125000000000000
,1969,8,3.875000000000000
,1970,8,3.500000000000000
,1971,8,2.000000000000000
,1972,8,2.625000000000000
,1973,8,1.125000000000000
,1974,8,3.500000000000000
,1975,8,3.250000000000000
,1976,8,6.750000000000000
,1977,8,8.000000000000000
,1978,8,10.750000000000000
,1979,8,7.375000000000000
,1980,8,4.750000000000000
,1981,8,3.250000000000000
,1982,8,0.000000000000000
,1983,8,0.000000000000000
,1984,8,0.375000000000000
,1985,8,0.875000000000000
,1986,8,1.500000000000000
,1987,8,2.125000000000000
,1988,8,3.125000000000000
,1989,8,2.875000000000000
,1990,8,2.875000000000000
,1991,8,2.625000000000000
,1992,8,2.500000000000000
,1993,8,2.250000000000000
,1994,8,3.750000000000000
,1995,8,5.375000000000000
,1996,8,7.000000000000000
,1997,8,8.375000000000000
,1998,8,8.125000000000000
,1999,8,7.500000000000000
,2000,8,6.125000000000000
,2001,8,5.625000000000000
,2002,8,7.875000000000000
,2003,8,6.500000000000000
,2004,8,8.500000000000000
,2005,8,5.375000000000000
,2006,8,4.750000000000000
,2007,8,2.625000000000000
,2008,8,3.625000000000000
,2009,8,2.500000000000000
,2010,8,3.750000000000000
,2011,8,2.375000000000000
,2012,8,4.125000000000000
,2013,8,3.500000000000000
,2014,8,8.125000000000000
,2015,8,10.500000000000000
,2016,8,10.000000000000000
,2017,8,7.250000000000000
,2018,8,3.875000000000000
,2019,8,0.250000000000000
,2020,8,0.125000000000000
,2021,8,0.125000000000000
,2022,8,0.125000000000000
,2023,8,0.000000000000000
,2024,8,0.000000000000000
,2025,8,0.375000000000000
,2026,8,0.875000000000000
,2027,8,1.625000000000000
,2028,8,2.125000000000000
,2029,8,2.125000000000000
,2030,8,2.250000000000000
,2031,8,2.625000000000000
,2032,8,2.375000000000000
,2033,8,3.125000000000000
,2034,8,2.375000000000000
,2035,8,3.750000000000000
,2036,8,5.125000000000000
,2037,8,6.000000000000000
,2038,8,6.250000000000000
,2039,8,5.750000000000000
,2040,8,6.625000000000000
,2041,8,6.750000000000000
,2042,8,5.250000000000000
,2043,8,6.125000000000000
,2044,8,5.875000000000000
,2045,8,6.750000000000000
,2046,8,5.250000000000000
,2047,8,5.500000000000000
,2048,8,3.625000000000000
,2049,8,3.500000000000000
,2050,8,1.875000000000000
,2051,8,2.375000000000000
,2052,8,2.000000000000000
,2053,8,3.625000000000000
,2054,8,4.125000000000000
,2055,8,7.500000000000000
,2056,8,9.000000000000000
,2057,8,7.875000000000000
,2058,8,6.750000000000000
,2059,8,6.500000000000000
,2060,8,0.000000000000000
,2061,8,0.125000000000000
,2062,8,0.125000000000000
,2063,8,0.000000000000000
,2064,8,0.125000000000000
,2065,8,0.125000000000000
,2066,8,0.000000000000000
,2067,8,0.125000000000000
,2068,8,0.000000000000000
,2069,8,0.000000000000000
,2070,8,0.000000000000000
,2071,8,0.250000000000000
,2072,8,0.125000000000000
,2073,8,0.250000000000000
,2074,8,0.750000000000000
,2075,8,1.250000000000000
,2076,8,1.625000000000000
,2077,8,1.875000000000000
,2078,8,1.250000000000000
,2079,8,2.375000000000000
,2080,8,2.250000000000000
,2081,8,4.000000000000000
,2082,8,4.750000000000000
,2083,8,5.000000000000000
,2084,8,5.250000000000000
,2085,8,6.250000000000000
,2086,8,5.125000000000000
,2087,8,5.125000000000000
,2088,8,3.750000000000000
,2089,8,4.125000000000000
,2090,8,4.250000000000000
,2091,8,5.250000000000000
,2092,8,4.500000000000000
,2093,8,4.250000000000000
,2094,8,2.625000000000000
,2095,8,2.500000000000000
,2096,8,2.625000000000000
,2097,8,2.875000000000000
,2098,8,2.500000000000000
,2099,8,2.500000000000000
,2100,8,2.875000000000000
,2101,8,7.125000000000000
,2102,8,6.875000000000000
,2103,8,7.750000000000000
,2104,8,5.625000000000000
,2105,8,0.000000000000000
,2106,8,0.000000000000000
,2107,8,0.125000000000000
,2108,8,0.125000000000000
,2109,8,0.375000000000000
,2110,8,0.375000000000000
,2111,8,0.375000000000000
,2112,8,0.125000000000000
,2113,8,0.125000000000000
,2114,8,0.125000000000000
,2115,8,0.000000000000000
,2116,8,0.000000000000000
,2117,8,0.000000000000000
,2118,8,0.250000000000000
,2119,8,0.250000000000000
,2120,8,0.250000000000000
,2121,8,0.250000000000000
,2122,8,0.500000000000000
,2123,8,0.500000000000000
,2124,8,0.750000000000000
,2125,8,0.875000000000000
,2126,8,2.625000000000000
,2127,8,2.500000000000000
,2128,8,3.250000000000000
,2129,8,4.750000000000000
,2130,8,4.750000000000000
,2131,8,4.875000000000000
,2132,8,5.625000000000000
,2133,8,4.625000000000000
,2134,8,6.125000000000000
,2135,8,5.125000000000000
,2136,8,6.875000000000000
,2137,8,7.875000000000000
,2138,8,8.875000000000000
,2139,8,7.875000000000000
,2140,8,6.500000000000000
,2141,8,4.375000000000000
,2142,8,2.875000000000000
,2143,8,3.000000000000000
,2144,8,3.250000000000000
,2145,8,4.250000000000000
,2146,8,3.875000000000000
,2147,8,4.125000000000000
,2148,8,9.250000000000000
,2149,8,8.750000000000000
,2150,8,8.750000000000000
,2151,8,5.375000000000000
,2152,8,2.625000000000000
,2153,8,0.000000000000000
,2154,8,0.000000000000000
,2155,8,0.000000000000000
,2156,8,0.000000000000000
,2157,8,0.250000000000000
,2158,8,0.000000000000000
,2159,8,0.250000000000000
,2160,8,0.000000000000000
,2161,8,0.125000000000000
,2162,8,0.000000000000000
,2163,8,0.000000000000000
,2164,8,0.000000000000000
,2165,8,0.125000000000000
,2166,8,0.250000000000000
,2167,8,0.125000000000000
,2168,8,0.125000000000000
,2169,8,0.000000000000000
,2170,8,0.000000000000000
,2171,8,0.125000000000000
,2172,8,0.250000000000000
,2173,8,0.375000000000000
,2174,8,1.250000000000000
,2175,8,2.000000000000000
,2176,8,2.875000000000000
,2177,8,5.250000000000000
,2178,8,4.875000000000000
,2179,8,5.125000000000000
,2180,8,4.375000000000000
,2181,8,2.875000000000000
,2182,8,4.125000000000000
,2183,8,2.875000000000000
,2184,8,5.375000000000000
,2185,8,7.500000000000000
,2186,8,8.000000000000000
,2187,8,8.250000000000000
,2188,8,6.125000000000000
,2189,8,5.875000000000000
,2190,8,4.125000000000000
,2191,8,5.500000000000000
,2192,8,4.250000000000000
,2193,8,5.000000000000000
,2194,8,5.000000000000000
,2195,8,10.375000000000000
,2196,8,17.500000000000000
,2197,8,17.000000000000000
,2198,8,10.625000000000000
,2199,8,3.750000000000000
,2200,8,0.500000000000000
,2201,8,0.500000000000000
,2202,8,0.000000000000000
,2203,8,0.000000000000000
,2204,8,0.000000000000000
,2205,8,0.000000000000000
,2206,8,0.375000000000000
,2207,8,0.375000000000000
,2208,8,0.375000000000000
,2209,8,0.000000000000000
,2210,8,0.125000000000000
,2211,8,0.125000000000000
,2212,8,0.375000000000000
,2213,8,1.375000000000000
,2214,8,1.375000000000000
,2215,8,1.125000000000000
,2216,8,0.125000000000000
,2217,8,0.000000000000000
,2218,8,0.000000000000000
,2219,8,0.250000000000000
,2220,8,0.125000000000000
,2221,8,0.500000000000000
,2222,8,0.625000000000000
,2223,8,1.000000000000000
,2224,8,1.750000000000000
,2225,8,4.125000000000000
,2226,8,5.625000000000000
,2227,8,6.250000000000000
,2228,8,5.250000000000000
,2229,8,2.625000000000000
,2230,8,3.125000000000000
,2231,8,3.000000000000000
,2232,8,5.625000000000000
,2233,8,7.125000000000000
,2234,8,9.000000000000000
,2235,8,10.125000000000000
,2236,8,7.750000000000000
,2237,8,7.625000000000000
,2238,8,4.125000000000000
,2239,8,5.625000000000000
,2240,8,5.250000000000000
,2241,8,5.000000000000000
,2242,8,4.875000000000000
,2243,8,11.875000000000000
,2244,8,16.500000000000000
,2245,8,18.750000000000000
,2246,8,13.750000000000000
,2247,8,4.250000000000000
,2248,8,0.500000000000000
,2249,8,0.500000000000000
,2250,8,0.000000000000000
,2251,8,0.000000000000000
,2252,8,0.000000000000000
,2253,8,0.125000000000000
,2254,8,3.125000000000000
,2255,8,4.000000000000000
,2256,8,4.125000000000000
,2257,8,1.500000000000000
,2258,8,0.500000000000000
,2259,8,0.375000000000000
,2260,8,0.125000000000000
,2261,8,0.125000000000000
,2262,8,0.000000000000000
,2263,8,0.500000000000000
,2264,8,1.000000000000000
,2265,8,2.625000000000000
,2266,8,2.250000000000000
,2267,8,2.125000000000000
,2268,8,0.125000000000000
,2269,8,0.125000000000000
,2270,8,0.125000000000000
,2271,8,1.000000000000000
,2272,8,0.750000000000000
,2273,8,1.500000000000000
,2274,8,1.000000000000000
,2275,8,1.625000000000000
,2276,8,1.875000000000000
,2277,8,4.000000000000000
,2278,8,5.375000000000000
,2279,8,4.750000000000000
,2280,8,4.500000000000000
,2281,8,2.625000000000000
,2282,8,2.375000000000000
,2283,8,1.500000000000000
,2284,8,4.125000000000000
,2285,8,4.875000000000000
,2286,8,6.625000000000000
,2287,8,6.500000000000000
,2288,8,6.000000000000000
,2289,8,6.625000000000000
,2290,8,7.500000000000000
,2291,8,6.375000000000000
,2292,8,5.375000000000000
,2293,8,3.750000000000000
,2294,8,4.875000000000000
,2295,8,13.625000000000000
,2296,8,20.750000000000000
,2297,8,18.375000000000000
,2298,8,11.125000000000000
,2299,8,8.750000000000000
,2300,8,0.500000000000000
,2301,8,0.000000000000000
,2302,8,0.000000000000000
,2303,8,0.000000000000000
,2304,8,0.125000000000000
,2305,8,3.000000000000000
,2306,8,1.250000000000000
,2307,8,3.125000000000000
,2308,8,1.875000000000000
,2309,8,0.625000000000000
,2310,8,0.875000000000000
,2311,8,0.000000000000000
,2312,8,0.125000000000000
,2313,8,0.125000000000000
,2314,8,0.500000000000000
,2315,8,1.125000000000000
,2316,8,2.625000000000000
,2317,8,2.625000000000000
,2318,8,2.500000000000000
,2319,8,0.625000000000000
,2320,8,0.500000000000000
,2321,8,0.250000000000000
,2322,8,1.875000000000000
,2323,8,1.125000000000000
,2324,8,3.875000000000000
,2325,8,2.250000000000000
,2326,8,3.125000000000000
,2327,8,1.875000000000000
,2328,8,3.625000000000000
,2329,8,3.500000000000000
,2330,8,4.375000000000000
,2331,8,3.625000000000000
,2332,8,1.875000000000000
,2333,8,2.000000000000000
,2334,8,0.750000000000000
,2335,8,1.625000000000000
,2336,8,1.875000000000000
,2337,8,3.875000000000000
,2338,8,4.625000000000000
,2339,8,5.375000000000000
,2340,8,5.875000000000000
,2341,8,7.000000000000000
,2342,8,5.750000000000000
,2343,8,5.375000000000000
,2344,8,1.625000000000000
,2345,8,2.500000000000000
,2346,8,6.250000000000000
,2347,8,9.875000000000000
,2348,8,10.625000000000000
,2349,8,12.375000000000000
,2350,8,0.000000000000000
,2351,8,0.125000000000000
,2352,8,0.125000000000000
,2353,8,0.250000000000000
,2354,8,3.000000000000000
,2355,8,4.000000000000000
,2356,8,4.000000000000000
,2357,8,2.000000000000000
,2358,8,0.750000000000000
,2359,8,1.125000000000000
,2360,8,0.250000000000000
,2361,8,0.625000000000000
,2362,8,0.750000000000000
,2363,8,2.000000000000000
,2364,8,2.500000000000000
,2365,8,1.875000000000000
,2366,8,0.750000000000000
,2367,8,0.375000000000000
,2368,8,0.250000000000000
,2369,8,1.750000000000000
,2370,8,0.750000000000000
,2371,8,3.750000000000000
,2372,8,1.375000000000000
,2373,8,4.000000000000000
,2374,8,2.625000000000000
,2375,8,3.500000000000000
,2376,8,2.500000000000000
,2377,8,2.250000000000000
,2378,8,1.375000000000000
,2379,8,1.250000000000000
,2380,8,1.125000000000000
,2381,8,0.375000000000000
,2382,8,0.750000000000000
,2383,8,0.875000000000000
,2384,8,2.000000000000000
,2385,8,2.750000000000000
,2386,8,4.000000000000000
,2387,8,6.750000000000000
,2388,8,7.000000000000000
,2389,8,5.625000000000000
,2390,8,4.125000000000000
,2391,8,0.875000000000000
,2392,8,2.875000000000000
,2393,8,7.875000000000000
,2394,8,9.750000000000000
,2395,8,8.125000000000000
,2396,8,9.750000000000000
,2397,8,0.000000000000000
,2398,8,0.250000000000000
,2399,8,0.125000000000000
,2400,8,0.250000000000000
,2401,8,0.000000000000000
,2402,8,0.000000000000000
,2403,8,0.000000000000000
,2404,8,0.500000000000000
,2405,8,0.750000000000000
,2406,8,0.500000000000000
,2407,8,0.750000000000000
,2408,8,0.125000000000000
,2409,8,0.125000000000000
,2410,8,0.500000000000000
,2411,8,2.500000000000000
,2412,8,1.875000000000000
,2413,8,0.875000000000000
,2414,8,0.375000000000000
,2415,8,0.250000000000000
,2416,8,1.000000000000000
,2417,8,1.000000000000000
,2418,8,3.375000000000000
,2419,8,2.750000000000000
,2420,8,4.125000000000000
,2421,8,2.875000000000000
,2422,8,3.500000000000000
,2423,8,1.875000000000000
,2424,8,1.250000000000000
,2425,8,0.875000000000000
,2426,8,1.000000000000000
,2427,8,1.000000000000000
,2428,8,0.875000000000000
,2429,8,0.750000000000000
,2430,8,1.000000000000000
,2431,8,2.000000000000000
,2432,8,3.500000000000000
,2433,8,4.750000000000000
,2434,8,5.375000000000000
,2435,8,5.625000000000000
,2436,8,5.125000000000000
,2437,8,3.500000000000000
,2438,8,1.875000000000000
,2439,8,3.125000000000000
,2440,8,7.250000000000000
,2441,8,6.750000000000000
,2442,8,9.250000000000000
,2443,8,8.625000000000000
,2444,8,0.125000000000000
,2445,8,0.250000000000000
,2446,8,0.125000000000000
,2447,8,0.250000000000000
,2448,8,0.000000000000000
,2449,8,0.000000000000000
,2450,8,0.000000000000000
,2451,8,0.000000000000000
,2452,8,0.250000000000000
,2453,8,0.250000000000000
,2454,8,0.250000000000000
,2455,8,0.125000000000000
,2456,8,0.125000000000000
,2457,8,0.250000000000000
,2458,8,0.250000000000000
,2459,8,0.625000000000000
,2460,8,0.625000000000000
,2461,8,0.750000000000000
,2462,8,1.125000000000000
,2463,8,2.250000000000000
,2464,8,3.875000000000000
,2465,8,3.000000000000000
,2466,8,2.375000000000000
,2467,8,1.375000000000000
,2468,8,0.875000000000000
,2469,8,0.500000000000000
,2470,8,0.250000000000000
,2471,8,0.625000000000000
,2472,8,0.750000000000000
,2473,8,0.625000000000000
,2474,8,1.000000000000000
,2475,8,2.125000000000000
,2476,8,3.125000000000000
,2477,8,4.750000000000000
,2478,8,5.125000000000000
,2479,8,6.750000000000000
,2480,8,5.875000000000000
,2481,8,5.125000000000000
,2482,8,3.625000000000000
,2483,8,3.125000000000000
,2484,8,9.500000000000000
,2485,8,8.875000000000000
,2486,8,10.500000000000000
,2487,8,0.125000000000000
,2488,8,0.125000000000000
,2489,8,0.125000000000000
,2490,8,0.125000000000000
,2491,8,0.000000000000000
,2492,8,0.000000000000000
,2493,8,0.000000000000000
,2494,8,0.000000000000000
,2495,8,0.000000000000000
,2496,8,0.000000000000000
,2497,8,0.250000000000000
,2498,8,0.250000000000000
,2499,8,1.250000000000000
,2500,8,0.625000000000000
,2501,8,1.250000000000000
,2502,8,1.125000000000000
,2503,8,2.250000000000000
,2504,8,1.875000000000000
,2505,8,2.500000000000000
,2506,8,1.375000000000000
,2507,8,0.750000000000000
,2508,8,0.500000000000000
,2509,8,0.750000000000000
,2510,8,0.750000000000000
,2511,8,0.750000000000000
,2512,8,0.625000000000000
,2513,8,0.875000000000000
,2514,8,0.625000000000000
,2515,8,1.500000000000000
,2516,8,2.625000000000000
,2517,8,5.750000000000000
,2518,8,6.750000000000000
,2519,8,9.625000000000000
,2520,8,9.875000000000000
,2521,8,9.750000000000000
,2522,8,7.750000000000000
,2523,8,5.250000000000000
,2524,8,9.750000000000000
,2525,8,6.500000000000000
,2526,8,10.625000000000000
,2527,8,0.000000000000000
,2528,8,0.000000000000000
,2529,8,0.000000000000000
,2530,8,0.000000000000000
,2531,8,0.000000000000000
,2532,8,0.125000000000000
,2533,8,0.125000000000000
,2534,8,0.125000000000000
,2535,8,0.000000000000000
,2536,8,0.000000000000000
,2537,8,1.250000000000000
,2538,8,1.875000000000000
,2539,8,1.625000000000000
,2540,8,1.375000000000000
,2541,8,0.750000000000000
,2542,8,1.750000000000000
,2543,8,2.375000000000000
,2544,8,1.500000000000000
,2545,8,0.250000000000000
,2546,8,0.375000000000000
,2547,8,0.625000000000000
,2548,8,0.375000000000000
,2549,8,0.750000000000000
,2550,8,0.750000000000000
,2551,8,0.750000000000000
,2552,8,0.875000000000000
,2553,8,0.750000000000000
,2554,8,1.500000000000000
,2555,8,2.625000000000000
,2556,8,4.500000000000000
,2557,8,5.000000000000000
,2558,8,8.875000000000000
,2559,8,9.250000000000000
,2560,8,8.125000000000000
,2561,8,7.500000000000000
,2562,8,5.875000000000000
,2563,8,9.125000000000000
,2564,8,6.875000000000000
,2565,8,8.625000000000000
,2566,8,0.000000000000000
,2567,8,0.000000000000000
,2568,8,0.000000000000000
,2569,8,0.000000000000000
,2570,8,0.000000000000000
,2571,8,0.125000000000000
,2572,8,0.000000000000000
,2573,8,0.125000000000000
,2574,8,0.125000000000000
,2575,8,1.125000000000000
,2576,8,0.875000000000000
,2577,8,1.250000000000000
,2578,8,1.500000000000000
,2579,8,1.125000000000000
,2580,8,1.750000000000000
,2581,8,0.375000000000000
,2582,8,0.375000000000000
,2583,8,0.500000000000000
,2584,8,0.500000000000000
,2585,8,4.750000000000000
,2586,8,5.500000000000000
,2587,8,8.500000000000000
,2588,8,8.750000000000000
,2589,8,8.875000000000000
,2590,8,7.750000000000000
,2591,8,7.750000000000000
,2592,8,10.500000000000000
,2593,8,6.875000000000000
,2594,8,8.750000000000000
,2595,8,0.000000000000000
,2596,8,0.000000000000000
,2597,8,0.000000000000000
,2598,8,0.000000000000000
,2599,8,0.125000000000000
,2600,8,0.125000000000000
,2601,8,0.125000000000000
,2602,8,1.125000000000000
,2603,8,1.125000000000000
,2604,8,1.250000000000000
,2605,8,1.500000000000000
,2606,8,0.625000000000000
,2607,8,0.750000000000000
,2608,8,0.625000000000000
,2609,8,0.875000000000000
,2610,8,0.375000000000000
,2611,8,4.375000000000000
,2612,8,2.625000000000000
,2613,8,4.750000000000000
,2614,8,3.625000000000000
,2615,8,4.875000000000000
,2616,8,6.250000000000000
,2617,8,8.625000000000000
,2618,8,9.125000000000000
,2619,8,6.500000000000000
,2620,8,8.250000000000000
,2621,8,0.625000000000000
,2622,8,0.375000000000000
,2623,8,0.500000000000000
,2624,8,0.875000000000000
,2625,8,0.625000000000000
,2626,8,0.750000000000000
,2627,8,0.250000000000000
,2628,8,1.500000000000000
,2629,8,2.000000000000000
,2630,8,4.125000000000000
,2631,8,8.125000000000000
,2632,8,10.625000000000000
,2633,8,13.250000000000000
,2634,8,12.125000000000000
,2635,8,10.375000000000000
,2636,8,7.500000000000000
,2637,8,0.500000000000000
,2638,8,0.500000000000000
,2639,8,0.625000000000000
,2640,8,0.625000000000000
,2641,8,0.750000000000000
,2642,8,0.875000000000000
,2643,8,1.875000000000000
,2644,8,1.875000000000000
,2645,8,3.500000000000000
,2646,8,6.750000000000000
,2647,8,6.250000000000000
,2648,8,15.500000000000000
,2649,8,14.875000000000000
,2650,8,15.375000000000000
,2651,8,13.375000000000000
,2652,8,1.875000000000000
,2653,8,1.750000000000000
,2654,8,3.500000000000000
,2655,8,7.375000000000000
,2656,8,9.750000000000000
,2657,8,15.875000000000000
,2658,8,13.250000000000000
,2659,8,14.000000000000000